CLUE,ANS,POS,FOUND IN
Matrix; arrange ,array,2,"Computing (Matrix is also a term used in computing and mathematics to refer to a matrix, a rectangular array of numbers or other mathematical objects)"
Later on ,after,3,Afterward
Place or set apart ,isolate,3,Isolated
